997
401 603
1 219 268 6 219 265 1 219 277 223 223 257
1 219 268 6 219 265 1 219 275 223 257
1 219 268 6 219 265 1 219 273 223 257
1 219 268 6 219 265 1 219 271 223 257
6 219 285 220 220 220 257
6 219 290 219 254 254 254 257
6 219 285 223 223 223 257
1 219 268 6 219 265 1 219 271 220 257
1 219 268 6 219 265 1 219 273 220 257
1 219 268 6 219 265 1 219 275 220 257
1 219 268 6 219 265 1 219 277 220 220 257
439 601
15 219 269 3 219 265 15 219 280 257
15 219 269 3 219 265 15 219 280 257
15 219 269 3 219 265 15 219 280 257
15 219 269 3 219 265 15 219 280 257
15 219 269 3 219 265 15 219 280 257
3 219 296 257
3 219 296 257
3 219 296 257
15 219 269 3 219 265 15 219 280 257
15 219 269 3 219 265 15 219 280 257
15 219 269 3 219 265 15 219 280 257
15 219 269 3 219 265 15 219 280 257
15 219 269 3 219 265 15 219 280 257
477 601
1 219 269 6 219 265 1 219 280 257
1 219 269 6 219 265 1 219 280 257
1 219 269 6 219 265 1 219 280 257
1 219 269 6 219 265 1 219 280 257
1 219 269 6 219 265 1 219 280 257
6 219 296 257
6 219 296 257
6 219 296 257
1 219 269 6 219 265 1 219 280 257
1 219 269 6 219 265 1 219 280 257
1 219 269 6 219 265 1 219 280 257
1 219 269 6 219 265 1 219 280 257
1 219 269 6 219 265 1 219 280 257
401 615
4 219 269 15 219 219 1 219 219 15 219 219 4 219 280 257
4 219 269 15 219 219 1 219 219 15 219 219 4 219 280 257
4 219 269 15 219 219 1 219 219 15 219 219 4 219 280 257
4 219 269 15 219 219 1 219 219 15 219 219 4 219 280 257
4 219 269 15 219 219 1 219 219 15 219 219 4 219 280 257
15 219 271 1 219 219 15 219 282 257
1 219 296 257
15 219 271 1 219 219 15 219 282 257
4 219 269 15 219 219 1 219 219 15 219 219 4 219 280 257
4 219 269 15 219 219 1 219 219 15 219 219 4 219 280 257
4 219 269 15 219 219 1 219 219 15 219 219 4 219 280 257
4 219 269 15 219 219 1 219 219 15 219 219 4 219 280 257
4 219 269 15 219 219 1 219 219 15 219 219 4 219 280 257
439 615
1 219 269 15 219 219 4 219 219 15 219 219 1 219 280 257
1 219 269 15 219 219 4 219 219 15 219 219 1 219 280 257
1 219 269 15 219 219 4 219 219 15 219 219 1 219 280 257
1 219 269 15 219 219 4 219 219 15 219 219 1 219 280 257
1 219 269 15 219 219 4 219 219 15 219 219 1 219 280 257
15 219 271 4 219 219 15 219 282 257
4 219 296 257
15 219 271 4 219 219 15 219 282 257
1 219 269 15 219 219 4 219 219 15 219 219 1 219 280 257
1 219 269 15 219 219 4 219 219 15 219 219 1 219 280 257
1 219 269 15 219 219 4 219 219 15 219 219 1 219 280 257
1 219 269 15 219 219 4 219 219 15 219 219 1 219 280 257
1 219 269 15 219 219 4 219 219 15 219 219 1 219 280 257
477 615
15 219 269 1 219 219 4 219 219 1 219 219 15 219 280 257
15 219 269 1 219 219 4 219 219 1 219 219 15 219 280 257
15 219 269 1 219 219 4 219 219 1 219 219 15 219 280 257
15 219 269 1 219 219 4 219 219 1 219 219 15 219 280 257
15 219 269 1 219 219 4 219 219 1 219 219 15 219 280 257
1 219 271 4 219 219 1 219 282 257
4 219 296 257
1 219 271 4 219 219 1 219 282 257
15 219 269 1 219 219 4 219 219 1 219 219 15 219 280 257
15 219 269 1 219 219 4 219 219 1 219 219 15 219 280 257
15 219 269 1 219 219 4 219 219 1 219 219 15 219 280 257
15 219 269 1 219 219 4 219 219 1 219 219 15 219 280 257
15 219 269 1 219 219 4 219 219 1 219 219 15 219 280 257
401 629
1 219 269 6 219 219 4 219 219 6 219 219 1 219 280 257
1 219 269 6 219 219 4 219 219 6 219 219 1 219 280 257
1 219 269 6 219 219 4 219 219 6 219 219 1 219 280 257
1 219 269 6 219 219 4 219 219 6 219 219 1 219 280 257
1 219 269 6 219 219 4 219 219 6 219 219 1 219 280 257
6 219 271 4 219 219 6 219 282 257
4 219 296 257
6 219 271 4 219 219 6 219 282 257
1 219 269 6 219 219 4 219 219 6 219 219 1 219 280 257
1 219 269 6 219 219 4 219 219 6 219 219 1 219 280 257
1 219 269 6 219 219 4 219 219 6 219 219 1 219 280 257
1 219 269 6 219 219 4 219 219 6 219 219 1 219 280 257
1 219 269 6 219 219 4 219 219 6 219 219 1 219 280 257
439 629
6 219 269 4 219 265 6 219 280 257
6 219 269 4 219 265 6 219 280 257
6 219 269 4 219 265 6 219 280 257
6 219 269 4 219 265 6 219 280 257
6 219 269 4 219 265 6 219 280 257
4 219 296 257
4 219 296 257
4 219 296 257
6 219 269 4 219 265 6 219 280 257
6 219 269 4 219 265 6 219 280 257
6 219 269 4 219 265 6 219 280 257
6 219 269 4 219 265 6 219 280 257
6 219 269 4 219 265 6 219 280 257
477 629
4 219 269 15 219 264 4 219 281 257
4 219 269 15 219 264 4 219 281 257
4 219 269 15 219 264 4 219 281 257
4 219 269 15 219 264 4 219 281 257
4 219 269 15 219 264 4 219 281 257
15 219 296 257
15 219 296 257
15 219 296 257
4 219 269 15 219 264 4 219 281 257
4 219 269 15 219 264 4 219 281 257
4 219 269 15 219 264 4 219 281 257
4 219 269 15 219 264 4 219 281 257
4 219 269 15 219 264 4 219 281 257
436 608
999
